{
 "cells": [
  {
   "cell_type": "code",
   "execution_count": 1,
   "metadata": {},
   "outputs": [],
   "source": [
    "import numpy as np\n",
    "from sklearn.cluster import KMeans\n",
    "from scipy.spatial.distance import cdist\n",
    "import math\n",
    "import pandas as pd\n",
    "import datetime"
   ]
  },
  {
   "cell_type": "code",
   "execution_count": 2,
   "metadata": {},
   "outputs": [
    {
     "data": {
      "text/html": [
       "<div>\n",
       "<style scoped>\n",
       "    .dataframe tbody tr th:only-of-type {\n",
       "        vertical-align: middle;\n",
       "    }\n",
       "\n",
       "    .dataframe tbody tr th {\n",
       "        vertical-align: top;\n",
       "    }\n",
       "\n",
       "    .dataframe thead th {\n",
       "        text-align: right;\n",
       "    }\n",
       "</style>\n",
       "<table border=\"1\" class=\"dataframe\">\n",
       "  <thead>\n",
       "    <tr style=\"text-align: right;\">\n",
       "      <th></th>\n",
       "      <th>count</th>\n",
       "      <th>unique</th>\n",
       "      <th>top</th>\n",
       "      <th>freq</th>\n",
       "      <th>mean</th>\n",
       "      <th>std</th>\n",
       "      <th>min</th>\n",
       "      <th>25%</th>\n",
       "      <th>50%</th>\n",
       "      <th>75%</th>\n",
       "      <th>max</th>\n",
       "    </tr>\n",
       "  </thead>\n",
       "  <tbody>\n",
       "    <tr>\n",
       "      <th>ID</th>\n",
       "      <td>99</td>\n",
       "      <td>99</td>\n",
       "      <td>MAG001</td>\n",
       "      <td>1</td>\n",
       "      <td>NaN</td>\n",
       "      <td>NaN</td>\n",
       "      <td>NaN</td>\n",
       "      <td>NaN</td>\n",
       "      <td>NaN</td>\n",
       "      <td>NaN</td>\n",
       "      <td>NaN</td>\n",
       "    </tr>\n",
       "    <tr>\n",
       "      <th>Name</th>\n",
       "      <td>99</td>\n",
       "      <td>99</td>\n",
       "      <td>Sagrada Familia</td>\n",
       "      <td>1</td>\n",
       "      <td>NaN</td>\n",
       "      <td>NaN</td>\n",
       "      <td>NaN</td>\n",
       "      <td>NaN</td>\n",
       "      <td>NaN</td>\n",
       "      <td>NaN</td>\n",
       "      <td>NaN</td>\n",
       "    </tr>\n",
       "    <tr>\n",
       "      <th>Country</th>\n",
       "      <td>99</td>\n",
       "      <td>24</td>\n",
       "      <td>Spain</td>\n",
       "      <td>17</td>\n",
       "      <td>NaN</td>\n",
       "      <td>NaN</td>\n",
       "      <td>NaN</td>\n",
       "      <td>NaN</td>\n",
       "      <td>NaN</td>\n",
       "      <td>NaN</td>\n",
       "      <td>NaN</td>\n",
       "    </tr>\n",
       "    <tr>\n",
       "      <th>ISO</th>\n",
       "      <td>99</td>\n",
       "      <td>24</td>\n",
       "      <td>ES</td>\n",
       "      <td>17</td>\n",
       "      <td>NaN</td>\n",
       "      <td>NaN</td>\n",
       "      <td>NaN</td>\n",
       "      <td>NaN</td>\n",
       "      <td>NaN</td>\n",
       "      <td>NaN</td>\n",
       "      <td>NaN</td>\n",
       "    </tr>\n",
       "    <tr>\n",
       "      <th>location_lat</th>\n",
       "      <td>99.0</td>\n",
       "      <td>NaN</td>\n",
       "      <td>NaN</td>\n",
       "      <td>NaN</td>\n",
       "      <td>46.418104</td>\n",
       "      <td>6.675169</td>\n",
       "      <td>34.755986</td>\n",
       "      <td>41.106853</td>\n",
       "      <td>45.438977</td>\n",
       "      <td>51.330414</td>\n",
       "      <td>60.397435</td>\n",
       "    </tr>\n",
       "    <tr>\n",
       "      <th>location_long</th>\n",
       "      <td>99.0</td>\n",
       "      <td>NaN</td>\n",
       "      <td>NaN</td>\n",
       "      <td>NaN</td>\n",
       "      <td>8.712303</td>\n",
       "      <td>12.356655</td>\n",
       "      <td>-9.396203</td>\n",
       "      <td>-1.701258</td>\n",
       "      <td>6.183286</td>\n",
       "      <td>16.924632</td>\n",
       "      <td>37.62138</td>\n",
       "    </tr>\n",
       "    <tr>\n",
       "      <th>location_address</th>\n",
       "      <td>99</td>\n",
       "      <td>98</td>\n",
       "      <td>Schloss Schönbrunn, 47, Schönbrunner Schlossst...</td>\n",
       "      <td>2</td>\n",
       "      <td>NaN</td>\n",
       "      <td>NaN</td>\n",
       "      <td>NaN</td>\n",
       "      <td>NaN</td>\n",
       "      <td>NaN</td>\n",
       "      <td>NaN</td>\n",
       "      <td>NaN</td>\n",
       "    </tr>\n",
       "    <tr>\n",
       "      <th>cluster</th>\n",
       "      <td>99.0</td>\n",
       "      <td>NaN</td>\n",
       "      <td>NaN</td>\n",
       "      <td>NaN</td>\n",
       "      <td>17.030303</td>\n",
       "      <td>11.282508</td>\n",
       "      <td>0.0</td>\n",
       "      <td>7.0</td>\n",
       "      <td>15.0</td>\n",
       "      <td>26.0</td>\n",
       "      <td>39.0</td>\n",
       "    </tr>\n",
       "  </tbody>\n",
       "</table>\n",
       "</div>"
      ],
      "text/plain": [
       "                 count unique  \\\n",
       "ID                  99     99   \n",
       "Name                99     99   \n",
       "Country             99     24   \n",
       "ISO                 99     24   \n",
       "location_lat      99.0    NaN   \n",
       "location_long     99.0    NaN   \n",
       "location_address    99     98   \n",
       "cluster           99.0    NaN   \n",
       "\n",
       "                                                                top freq  \\\n",
       "ID                                                           MAG001    1   \n",
       "Name                                                Sagrada Familia    1   \n",
       "Country                                                       Spain   17   \n",
       "ISO                                                              ES   17   \n",
       "location_lat                                                    NaN  NaN   \n",
       "location_long                                                   NaN  NaN   \n",
       "location_address  Schloss Schönbrunn, 47, Schönbrunner Schlossst...    2   \n",
       "cluster                                                         NaN  NaN   \n",
       "\n",
       "                       mean        std        min        25%        50%  \\\n",
       "ID                      NaN        NaN        NaN        NaN        NaN   \n",
       "Name                    NaN        NaN        NaN        NaN        NaN   \n",
       "Country                 NaN        NaN        NaN        NaN        NaN   \n",
       "ISO                     NaN        NaN        NaN        NaN        NaN   \n",
       "location_lat      46.418104   6.675169  34.755986  41.106853  45.438977   \n",
       "location_long      8.712303  12.356655  -9.396203  -1.701258   6.183286   \n",
       "location_address        NaN        NaN        NaN        NaN        NaN   \n",
       "cluster           17.030303  11.282508        0.0        7.0       15.0   \n",
       "\n",
       "                        75%        max  \n",
       "ID                      NaN        NaN  \n",
       "Name                    NaN        NaN  \n",
       "Country                 NaN        NaN  \n",
       "ISO                     NaN        NaN  \n",
       "location_lat      51.330414  60.397435  \n",
       "location_long     16.924632   37.62138  \n",
       "location_address        NaN        NaN  \n",
       "cluster                26.0       39.0  "
      ]
     },
     "execution_count": 2,
     "metadata": {},
     "output_type": "execute_result"
    }
   ],
   "source": [
    "ds = pd.read_excel('GeocodingAttractions.xlsx', sheet_name='Attractions', decimal=\",\", engine='openpyxl')\n",
    "ds.describe(include='all', datetime_is_numeric=True).T"
   ]
  },
  {
   "cell_type": "code",
   "execution_count": 3,
   "metadata": {},
   "outputs": [
    {
     "name": "stdout",
     "output_type": "stream",
     "text": [
      "    location_lat  location_long\n",
      "0         414034          21744\n",
      "1         414142          21524\n",
      "2         515081           -762\n",
      "3         413915          21646\n",
      "4         500874         144209\n",
      "..           ...            ...\n",
      "94        437232         103957\n",
      "95        394742          -3785\n",
      "96        406564         -47075\n",
      "97        486935          61832\n",
      "98        437692         112548\n",
      "\n",
      "[99 rows x 2 columns]\n"
     ]
    }
   ],
   "source": [
    "# We multiply our number per 10000 in order to use int instead of float, because otherwise the function validate dosen't work\n",
    "points = ds[['location_lat','location_long']]\n",
    "array = np.full((99, 2), 10000, dtype=int)\n",
    "points = np.multiply(points,array)\n",
    "points = points.astype(int) \n",
    "print(points)\n",
    "\n"
   ]
  },
  {
   "cell_type": "code",
   "execution_count": 4,
   "metadata": {},
   "outputs": [],
   "source": [
    "from typing import List, Tuple\n",
    "\n",
    "def distance(origin: Tuple[float, float], destination: Tuple[float, float]) -> float:\n",
    "    lat1, lon1 = origin\n",
    "    lat2, lon2 = destination\n",
    "    radius = 6371  # km\n",
    "    dlat = math.radians(lat2 - lat1)\n",
    "    dlon = math.radians(lon2 - lon1)\n",
    "    a = (\n",
    "        math.sin(dlat / 2) * math.sin(dlat / 2)\n",
    "        + math.cos(math.radians(lat1))\n",
    "        * math.cos(math.radians(lat2))\n",
    "        * math.sin(dlon / 2)\n",
    "        * math.sin(dlon / 2)\n",
    "    )\n",
    "    c = 2 * math.atan2(math.sqrt(a), math.sqrt(1 - a))\n",
    "    d = radius * c\n",
    "    return d\n",
    "\n",
    "def create_clusters(\n",
    "    number_of_clusters: int, points: List[Tuple[float, float]]\n",
    ") -> np.ndarray:\n",
    "    kmeans = KMeans(n_clusters=number_of_clusters, random_state=0).fit(points)\n",
    "    l_array = np.array([[label] for label in kmeans.labels_])\n",
    "    clusters = np.append(points, l_array, axis=1)\n",
    "    return clusters\n",
    "\n",
    "def validate_solution(max_dist: float, clusters: np.ndarray) -> bool:\n",
    "    _, __, n_clust = clusters.max(axis=0)\n",
    "    n_clust = int(n_clust)\n",
    "    for i in range(n_clust):\n",
    "        two_d_cluster = clusters[clusters[:, 2] == i][:, np.array([True, True, False])]\n",
    "        if not validate_cluster(max_dist, two_d_cluster):\n",
    "            return False\n",
    "        else:\n",
    "            continue\n",
    "    return True\n",
    "\n",
    "def validate_cluster(max_dist: float, cluster: np.ndarray) -> bool:\n",
    "    distances = cdist(\n",
    "        cluster, cluster, lambda ori, des: int(round(distance(ori, des)))\n",
    "    )\n",
    "    print(distances)\n",
    "    print(30 * \"-\")\n",
    "    for item in distances.flatten():\n",
    "        if item > max_dist:\n",
    "            return False\n",
    "    return True\n"
   ]
  },
  {
   "cell_type": "code",
   "execution_count": 5,
   "metadata": {},
   "outputs": [
    {
     "name": "stdout",
     "output_type": "stream",
     "text": [
      "2\n",
      "[[    0. 11439.  3775. ...  6226. 10268. 19164.]\n",
      " [11439.     0.  7673. ...  5237. 13273.  8846.]\n",
      " [ 3775.  7673.     0. ...  2452. 11863. 16474.]\n",
      " ...\n",
      " [ 6226.  5237.  2452. ...     0. 12540. 14079.]\n",
      " [10268. 13273. 11863. ... 12540.     0. 10311.]\n",
      " [19164.  8846. 16474. ... 14079. 10311.     0.]]\n",
      "------------------------------\n",
      "False\n",
      "3\n",
      "[[    0. 14767. 12788.  9976.  8396. 11327. 12742. 13448. 12677. 14607.]\n",
      " [14767.     0.  8599.  5204.  6372. 12225.  9289.  6039. 12288.  2484.]\n",
      " [12788.  8599.     0. 12646. 11385.  4069.   901.  2791.  6354.  6223.]\n",
      " [ 9976.  5204. 12646.     0.  2628. 16706. 13531.  9882. 17376.  6864.]\n",
      " [ 8396.  6372. 11385.  2628.     0. 14958. 12268.  8964. 17717.  7002.]\n",
      " [11327. 12225.  4069. 16706. 14958.     0.  3197.  6851.  3173. 10101.]\n",
      " [12742.  9289.   901. 13531. 12268.  3197.     0.  3654.  5484.  6988.]\n",
      " [13448.  6039.  2791.  9882.  8964.  6851.  3654.     0.  8763.  3567.]\n",
      " [12677. 12288.  6354. 17376. 17717.  3173.  5484.  8763.     0. 11052.]\n",
      " [14607.  2484.  6223.  6864.  7002. 10101.  6988.  3567. 11052.     0.]]\n",
      "------------------------------\n",
      "False\n",
      "4\n",
      "[[    0. 14767. 12788.  9976.  8396. 11327. 12742. 13448. 12677. 14607.]\n",
      " [14767.     0.  8599.  5204.  6372. 12225.  9289.  6039. 12288.  2484.]\n",
      " [12788.  8599.     0. 12646. 11385.  4069.   901.  2791.  6354.  6223.]\n",
      " [ 9976.  5204. 12646.     0.  2628. 16706. 13531.  9882. 17376.  6864.]\n",
      " [ 8396.  6372. 11385.  2628.     0. 14958. 12268.  8964. 17717.  7002.]\n",
      " [11327. 12225.  4069. 16706. 14958.     0.  3197.  6851.  3173. 10101.]\n",
      " [12742.  9289.   901. 13531. 12268.  3197.     0.  3654.  5484.  6988.]\n",
      " [13448.  6039.  2791.  9882.  8964.  6851.  3654.     0.  8763.  3567.]\n",
      " [12677. 12288.  6354. 17376. 17717.  3173.  5484.  8763.     0. 11052.]\n",
      " [14607.  2484.  6223.  6864.  7002. 10101.  6988.  3567. 11052.     0.]]\n",
      "------------------------------\n",
      "False\n",
      "5\n",
      "[[    0. 16304. 11005.  8015. 12655. 17116.]\n",
      " [16304.     0.  5826. 11073.  4931.  1051.]\n",
      " [11005.  5826.     0.  6454.  7503.  6237.]\n",
      " [ 8015. 11073.  6454.     0. 13929. 10765.]\n",
      " [12655.  4931.  7503. 13929.     0.  5895.]\n",
      " [17116.  1051.  6237. 10765.  5895.     0.]]\n",
      "------------------------------\n",
      "False\n",
      "6\n",
      "[[    0.  3598. 13849. 15403. 17599. 10982.  6551.  6884.  7775. 13884.\n",
      "  15218.  9386.]\n",
      " [ 3598.     0. 13925. 12784. 15988. 13449. 10137.  8006.  5608. 14270.\n",
      "  11802.  8211.]\n",
      " [13849. 13925.     0.  4302.  3772.  4492. 11289. 17663. 16591.   495.\n",
      "   9436.  5739.]\n",
      " [15403. 12784.  4302.     0.  3210.  8784. 15551. 16855. 12380.  4679.\n",
      "   5437.  6189.]\n",
      " [17599. 15988.  3772.  3210.     0.  7245. 13149. 15405. 14073.  3789.\n",
      "   6250.  8497.]\n",
      " [10982. 13449.  4492.  8784.  7245.     0.  6799. 13632. 18713.  4106.\n",
      "  13493.  7746.]\n",
      " [ 6551. 10137. 11289. 15551. 13149.  6799.     0.  7017. 12098. 10885.\n",
      "  17081. 12181.]\n",
      " [ 6884.  8006. 17663. 16855. 15405. 13632.  7017.     0.  5557. 17169.\n",
      "  11443. 16096.]\n",
      " [ 7775.  5608. 16591. 12380. 14073. 18713. 12098.  5557.     0. 17031.\n",
      "   7824. 12341.]\n",
      " [13884. 14270.   495.  4679.  3789.  4106. 10885. 17169. 17031.     0.\n",
      "   9674.  6132.]\n",
      " [15218. 11802.  9436.  5437.  6250. 13493. 17081. 11443.  7824.  9674.\n",
      "      0. 10516.]\n",
      " [ 9386.  8211.  5739.  6189.  8497.  7746. 12181. 16096. 12341.  6132.\n",
      "  10516.     0.]]\n",
      "------------------------------\n",
      "False\n",
      "7\n",
      "[[    0.  3074. 13221. 10510. 18109.  9010.  1570. 10644.  6591.  1787.\n",
      "  12978. 13425. 17540. 14677. 12664. 15301. 16948. 13242.]\n",
      " [ 3074.     0. 12589.  7500. 17631.  9458.  1520. 12807.  5003.  1660.\n",
      "  15278. 12419. 15730. 14670. 11923. 18334. 17231. 16252.]\n",
      " [13221. 12589.     0.  8181.  5492.  4381. 13143. 14093. 15750. 13746.\n",
      "  11865.   728.  4349.  2141.   667.  8416.  9527.  9713.]\n",
      " [10510.  7500.  8181.     0. 10366.  9540.  9010. 16324.  7633.  9099.\n",
      "  15694.  7508.  8559.  9768.  7776. 14194. 11688. 16272.]\n",
      " [18109. 17631.  5492. 10366.     0.  9375. 18633.  9565. 15330. 19202.\n",
      "   7092.  5493.  1907.  3687.  6126.  3977.  4041.  6005.]\n",
      " [ 9010.  9458.  4381.  9540.  9375.     0.  9371. 14120. 14360. 10000.\n",
      "  13317.  4837.  8661.  5701.  3999. 10699. 13231. 10779.]\n",
      " [ 1570.  1520. 13143.  9010. 18633.  9371.     0. 11658.  5541.   630.\n",
      "  14107. 13146. 16957. 15004. 12507. 16825. 17343. 14747.]\n",
      " [10644. 12807. 14093. 16324.  9565. 14120. 11658.     0. 10004. 11239.\n",
      "   2474. 14523. 11409. 12003. 14707.  5843.  6389.  4383.]\n",
      " [ 6591.  5003. 15750.  7633. 15330. 14360.  5541. 10004.     0.  4991.\n",
      "  11860. 15121. 14714. 17309. 15235. 14941. 12234. 14316.]\n",
      " [ 1787.  1660. 13746.  9099. 19202. 10000.   630. 11239.  4991.     0.\n",
      "  13709. 13719. 17366. 15632. 13103. 16696. 16719. 14627.]\n",
      " [12978. 15278. 11865. 15694.  7092. 13317. 14107.  2474. 11860. 13709.\n",
      "      0. 12189.  8947.  9726. 12519.  3457.  4244.  2554.]\n",
      " [13425. 12419.   728.  7508.  5493.  4837. 13146. 14523. 15121. 13719.\n",
      "  12189.     0.  4115.  2528.   838.  8733.  9469. 10181.]\n",
      " [17540. 15730.  4349.  8559.  1907.  8661. 16957. 11409. 14714. 17366.\n",
      "   8947.  4115.     0.  3229.  4884.  5880.  5436.  7886.]\n",
      " [14677. 14670.  2141.  9768.  3687.  5701. 15004. 12003. 17309. 15632.\n",
      "   9726.  2528.  3229.     0.  2803.  6275.  7676.  7653.]\n",
      " [12664. 11923.   667.  7776.  6126.  3999. 12507. 14707. 15235. 13103.\n",
      "  12519.   838.  4884.  2803.     0.  9076. 10150. 10324.]\n",
      " [15301. 18334.  8416. 14194.  3977. 10699. 16825.  5843. 14941. 16696.\n",
      "   3457.  8733.  5880.  6275.  9076.     0.  3463.  2081.]\n",
      " [16948. 17231.  9527. 11688.  4041. 13231. 17343.  6389. 12234. 16719.\n",
      "   4244.  9469.  5436.  7676. 10150.  3463.     0.  4972.]\n",
      " [13242. 16252.  9713. 16272.  6005. 10779. 14747.  4383. 14316. 14627.\n",
      "   2554. 10181.  7886.  7653. 10324.  2081.  4972.     0.]]\n",
      "------------------------------\n",
      "False\n",
      "8\n",
      "[[    0. 11439. 14532.  6289. 13824.  6858.  3056.  9318. 11439. 12047.\n",
      "   4749.]\n",
      " [11439.     0. 10288.  7554. 12324.  7701. 13223.  2123.     0. 16076.\n",
      "   8240.]\n",
      " [14532. 10288.     0. 17833. 10146.  9088. 11686. 11783. 10288.  6028.\n",
      "  11249.]\n",
      " [ 6289.  7554. 17833.     0. 10816.  9928.  9344.  6079.  7554. 16138.\n",
      "   8072.]\n",
      " [13824. 12324. 10146. 10816.     0. 19233. 14039. 13649. 12324.  7091.\n",
      "  18520.]\n",
      " [ 6858.  7701.  9088.  9928. 19233.     0.  6317.  6611.  7701. 12431.\n",
      "   2250.]\n",
      " [ 3056. 13223. 11686.  9344. 14039.  6317.     0. 11300. 13223.  9460.\n",
      "   5055.]\n",
      " [ 9318.  2123. 11783.  6079. 13649.  6611. 11300.     0.  2123. 17811.\n",
      "   6543.]\n",
      " [11439.     0. 10288.  7554. 12324.  7701. 13223.  2123.     0. 16076.\n",
      "   8240.]\n",
      " [12047. 16076.  6028. 16138.  7091. 12431.  9460. 17811. 16076.     0.\n",
      "  13327.]\n",
      " [ 4749.  8240. 11249.  8072. 18520.  2250.  5055.  6543.  8240. 13327.\n",
      "      0.]]\n",
      "------------------------------\n",
      "False\n",
      "9\n",
      "[[    0. 16304. 11005.  8015. 12655. 17116.]\n",
      " [16304.     0.  5826. 11073.  4931.  1051.]\n",
      " [11005.  5826.     0.  6454.  7503.  6237.]\n",
      " [ 8015. 11073.  6454.     0. 13929. 10765.]\n",
      " [12655.  4931.  7503. 13929.     0.  5895.]\n",
      " [17116.  1051.  6237. 10765.  5895.     0.]]\n",
      "------------------------------\n",
      "False\n",
      "10\n",
      "[[    0. 10789. 12566.  4975. 10534.  6435.  8801. 11921.  9363.]\n",
      " [10789.     0.  1789.  9240. 10005.  9276. 16914.  1145.  4640.]\n",
      " [12566.  1789.     0. 10685. 10052. 10111. 16936.   738.  5546.]\n",
      " [ 4975.  9240. 10685.     0.  5834. 10906.  8315.  9967.  5421.]\n",
      " [10534. 10005. 10052.  5834.     0. 16731.  7019.  9748.  5758.]\n",
      " [ 6435.  9276. 10111. 10906. 16731.     0. 12896. 10045. 12181.]\n",
      " [ 8801. 16914. 16936.  8315.  7019. 12896.     0. 16756. 12290.]\n",
      " [11921.  1145.   738.  9967.  9748. 10045. 16756.     0.  4919.]\n",
      " [ 9363.  4640.  5546.  5421.  5758. 12181. 12290.  4919.     0.]]\n",
      "------------------------------\n",
      "False\n",
      "11\n",
      "[[    0. 10789. 12566.  4975. 10534.  6435.  8801. 11921.  9363.]\n",
      " [10789.     0.  1789.  9240. 10005.  9276. 16914.  1145.  4640.]\n",
      " [12566.  1789.     0. 10685. 10052. 10111. 16936.   738.  5546.]\n",
      " [ 4975.  9240. 10685.     0.  5834. 10906.  8315.  9967.  5421.]\n",
      " [10534. 10005. 10052.  5834.     0. 16731.  7019.  9748.  5758.]\n",
      " [ 6435.  9276. 10111. 10906. 16731.     0. 12896. 10045. 12181.]\n",
      " [ 8801. 16914. 16936.  8315.  7019. 12896.     0. 16756. 12290.]\n",
      " [11921.  1145.   738.  9967.  9748. 10045. 16756.     0.  4919.]\n",
      " [ 9363.  4640.  5546.  5421.  5758. 12181. 12290.  4919.     0.]]\n",
      "------------------------------\n",
      "False\n",
      "12\n",
      "[[    0. 16304. 11005.  8015. 12655. 17116.]\n",
      " [16304.     0.  5826. 11073.  4931.  1051.]\n",
      " [11005.  5826.     0.  6454.  7503.  6237.]\n",
      " [ 8015. 11073.  6454.     0. 13929. 10765.]\n",
      " [12655.  4931.  7503. 13929.     0.  5895.]\n",
      " [17116.  1051.  6237. 10765.  5895.     0.]]\n",
      "------------------------------\n",
      "False\n",
      "13\n",
      "[[    0.  2357.  3107. 18606.  8131. 11081. 15972.  8097. 11863. 16474.]\n",
      " [ 2357.     0.  4363. 18985.  6285. 12971. 17516.  5956.  9558. 16674.]\n",
      " [ 3107.  4363.     0. 16538. 10644.  8628. 13268.  8019. 11866. 17817.]\n",
      " [18606. 18985. 16538.     0. 12784.  8007.  3270. 13304.  9562.  2930.]\n",
      " [ 8131.  6285. 10644. 12784.     0. 19206. 15928.  6196.  6473. 10855.]\n",
      " [11081. 12971.  8628.  8007. 19206.     0.  4892. 13739. 14032.  9802.]\n",
      " [15972. 17516. 13268.  3270. 15928.  4892.     0. 13573. 10930.  5814.]\n",
      " [ 8097.  5956.  8019. 13304.  6196. 13739. 13573.     0.  3930. 14190.]\n",
      " [11863.  9558. 11866.  9562.  6473. 14032. 10930.  3930.     0. 10311.]\n",
      " [16474. 16674. 17817.  2930. 10855.  9802.  5814. 14190. 10311.     0.]]\n",
      "------------------------------\n",
      "False\n",
      "14\n",
      "[[    0.  3598. 13849. 15403. 17599. 10982.  6884.  7775. 13884.]\n",
      " [ 3598.     0. 13925. 12784. 15988. 13449.  8006.  5608. 14270.]\n",
      " [13849. 13925.     0.  4302.  3772.  4492. 17663. 16591.   495.]\n",
      " [15403. 12784.  4302.     0.  3210.  8784. 16855. 12380.  4679.]\n",
      " [17599. 15988.  3772.  3210.     0.  7245. 15405. 14073.  3789.]\n",
      " [10982. 13449.  4492.  8784.  7245.     0. 13632. 18713.  4106.]\n",
      " [ 6884.  8006. 17663. 16855. 15405. 13632.     0.  5557. 17169.]\n",
      " [ 7775.  5608. 16591. 12380. 14073. 18713.  5557.     0. 17031.]\n",
      " [13884. 14270.   495.  4679.  3789.  4106. 17169. 17031.     0.]]\n",
      "------------------------------\n",
      "False\n",
      "15\n",
      "[[    0.  4893.  6292.  5993.  2336.  4581. 12762.]\n",
      " [ 4893.     0.  3669.  3892.  2557.   445.  9118.]\n",
      " [ 6292.  3669.     0.   544.  4642.  4028. 11141.]\n",
      " [ 5993.  3892.   544.     0.  4527.  4211. 11674.]\n",
      " [ 2336.  2557.  4642.  4527.     0.  2264. 11085.]\n",
      " [ 4581.   445.  4028.  4211.  2264.     0.  9159.]\n",
      " [12762.  9118. 11141. 11674. 11085.  9159.     0.]]\n",
      "------------------------------\n",
      "False\n",
      "16\n",
      "[[    0. 11593.  5233. 14340.  6666. 13131. 11669. 16156. 19215. 16034.]\n",
      " [11593.     0.  6361.  5164. 11053.  4799.  6815.  5564.  8689. 10639.]\n",
      " [ 5233.  6361.     0. 10133.  8048.  9133.  9064. 11451. 15004. 15640.]\n",
      " [14340.  5164. 10133.     0. 16042.  8013.  3237.  1904.  6398.  5805.]\n",
      " [ 6666. 11053.  8048. 16042.     0.  8270. 17067. 15200. 12579. 16170.]\n",
      " [13131.  4799.  9133.  8013.  8270.     0. 10890.  6941.  6564. 10766.]\n",
      " [11669.  6815.  9064.  3237. 17067. 10890.     0.  5026.  9139.  6622.]\n",
      " [16156.  5564. 11451.  1904. 15200.  6941.  5026.     0.  4540.  5086.]\n",
      " [19215.  8689. 15004.  6398. 12579.  6564.  9139.  4540.     0.  4526.]\n",
      " [16034. 10639. 15640.  5805. 16170. 10766.  6622.  5086.  4526.     0.]]\n",
      "------------------------------\n",
      "False\n",
      "17\n",
      "[[   0. 8048.]\n",
      " [8048.    0.]]\n",
      "------------------------------\n",
      "False\n",
      "18\n",
      "[[    0.  5233.  6666. 16156. 19215. 15786. 13713.]\n",
      " [ 5233.     0.  8048. 11451. 15004. 13669.  9186.]\n",
      " [ 6666.  8048.     0. 15200. 12579. 17552. 15151.]\n",
      " [16156. 11451. 15200.     0.  4540.  3518.  2447.]\n",
      " [19215. 15004. 12579.  4540.     0.  4985.  6960.]\n",
      " [15786. 13669. 17552.  3518.  4985.     0.  4892.]\n",
      " [13713.  9186. 15151.  2447.  6960.  4892.     0.]]\n",
      "------------------------------\n",
      "False\n",
      "19\n",
      "[[    0.  6292.  5993.  2336. 12762.]\n",
      " [ 6292.     0.   544.  4642. 11141.]\n",
      " [ 5993.   544.     0.  4527. 11674.]\n",
      " [ 2336.  4642.  4527.     0. 11085.]\n",
      " [12762. 11141. 11674. 11085.     0.]]\n",
      "------------------------------\n",
      "False\n",
      "20\n",
      "[[    0. 10906.  5421.]\n",
      " [10906.     0. 12181.]\n",
      " [ 5421. 12181.     0.]]\n",
      "------------------------------\n",
      "False\n",
      "21\n",
      "[[    0.  7501. 18792.  3784.  2285.  7290. 18404. 12207. 12847. 11010.]\n",
      " [ 7501.     0. 11453.  7306.  5246.  8020. 11010.  8155. 15670.  5072.]\n",
      " [18792. 11453.     0. 15345. 16568. 11898.   445.  7895.  7561.  7784.]\n",
      " [ 3784.  7306. 15345.     0.  3659.  3506. 15200. 14853. 10560.  8368.]\n",
      " [ 2285.  5246. 16568.  3659.     0.  6749. 16145. 11309. 14122.  8938.]\n",
      " [ 7290.  8020. 11898.  3506.  6749.     0. 11816. 15998.  8298.  6242.]\n",
      " [18404. 11010.   445. 15200. 16145. 11816.     0.  7690.  7928.  7431.]\n",
      " [12207.  8155.  7895. 14853. 11309. 15998.  7690.     0. 14593. 10184.]\n",
      " [12847. 15670.  7561. 10560. 14122.  8298.  7928. 14593.     0. 10910.]\n",
      " [11010.  5072.  7784.  8368.  8938.  6242.  7431. 10184. 10910.     0.]]\n",
      "------------------------------\n",
      "False\n",
      "22\n",
      "[[    0.  7500.  1520. 12807.  5003.  1660. 15278. 18334. 17231.]\n",
      " [ 7500.     0.  9010. 16324.  7633.  9099. 15694. 14194. 11688.]\n",
      " [ 1520.  9010.     0. 11658.  5541.   630. 14107. 16825. 17343.]\n",
      " [12807. 16324. 11658.     0. 10004. 11239.  2474.  5843.  6389.]\n",
      " [ 5003.  7633.  5541. 10004.     0.  4991. 11860. 14941. 12234.]\n",
      " [ 1660.  9099.   630. 11239.  4991.     0. 13709. 16696. 16719.]\n",
      " [15278. 15694. 14107.  2474. 11860. 13709.     0.  3457.  4244.]\n",
      " [18334. 14194. 16825.  5843. 14941. 16696.  3457.     0.  3463.]\n",
      " [17231. 11688. 17343.  6389. 12234. 16719.  4244.  3463.     0.]]\n",
      "------------------------------\n",
      "False\n",
      "23\n",
      "[[    0. 14767.  8396. 11327.]\n",
      " [14767.     0.  6372. 12225.]\n",
      " [ 8396.  6372.     0. 14958.]\n",
      " [11327. 12225. 14958.     0.]]\n",
      "------------------------------\n",
      "False\n",
      "24\n",
      "[[    0. 14767.  8396. 11327.]\n",
      " [14767.     0.  6372. 12225.]\n",
      " [ 8396.  6372.     0. 14958.]\n",
      " [11327. 12225. 14958.     0.]]\n",
      "------------------------------\n",
      "False\n",
      "25\n",
      "[[    0.  5164.  4799.  6815. 10639.]\n",
      " [ 5164.     0.  8013.  3237.  5805.]\n",
      " [ 4799.  8013.     0. 10890. 10766.]\n",
      " [ 6815.  3237. 10890.     0.  6622.]\n",
      " [10639.  5805. 10766.  6622.     0.]]\n",
      "------------------------------\n",
      "False\n",
      "26\n",
      "[[    0.  7554.     0. 11682.]\n",
      " [ 7554.     0.  7554. 13736.]\n",
      " [    0.  7554.     0. 11682.]\n",
      " [11682. 13736. 11682.     0.]]\n",
      "------------------------------\n",
      "False\n",
      "27\n",
      "[[0.]]\n",
      "------------------------------\n",
      "[[    0.  3598. 13849. 15403. 17599.  6884. 15218.]\n",
      " [ 3598.     0. 13925. 12784. 15988.  8006. 11802.]\n",
      " [13849. 13925.     0.  4302.  3772. 17663.  9436.]\n",
      " [15403. 12784.  4302.     0.  3210. 16855.  5437.]\n",
      " [17599. 15988.  3772.  3210.     0. 15405.  6250.]\n",
      " [ 6884.  8006. 17663. 16855. 15405.     0. 11443.]\n",
      " [15218. 11802.  9436.  5437.  6250. 11443.     0.]]\n",
      "------------------------------\n",
      "False\n",
      "28\n",
      "[[    0.  7501. 18792.  3784.  2285.  7290. 18404. 12207. 12847. 11010.]\n",
      " [ 7501.     0. 11453.  7306.  5246.  8020. 11010.  8155. 15670.  5072.]\n",
      " [18792. 11453.     0. 15345. 16568. 11898.   445.  7895.  7561.  7784.]\n",
      " [ 3784.  7306. 15345.     0.  3659.  3506. 15200. 14853. 10560.  8368.]\n",
      " [ 2285.  5246. 16568.  3659.     0.  6749. 16145. 11309. 14122.  8938.]\n",
      " [ 7290.  8020. 11898.  3506.  6749.     0. 11816. 15998.  8298.  6242.]\n",
      " [18404. 11010.   445. 15200. 16145. 11816.     0.  7690.  7928.  7431.]\n",
      " [12207.  8155.  7895. 14853. 11309. 15998.  7690.     0. 14593. 10184.]\n",
      " [12847. 15670.  7561. 10560. 14122.  8298.  7928. 14593.     0. 10910.]\n",
      " [11010.  5072.  7784.  8368.  8938.  6242.  7431. 10184. 10910.     0.]]\n",
      "------------------------------\n",
      "False\n",
      "29\n",
      "[[   0. 3237.]\n",
      " [3237.    0.]]\n",
      "------------------------------\n",
      "False\n",
      "30\n",
      "[[    0.  3598. 13849. 15403. 17599.  6884. 15218.]\n",
      " [ 3598.     0. 13925. 12784. 15988.  8006. 11802.]\n",
      " [13849. 13925.     0.  4302.  3772. 17663.  9436.]\n",
      " [15403. 12784.  4302.     0.  3210. 16855.  5437.]\n",
      " [17599. 15988.  3772.  3210.     0. 15405.  6250.]\n",
      " [ 6884.  8006. 17663. 16855. 15405.     0. 11443.]\n",
      " [15218. 11802.  9436.  5437.  6250. 11443.     0.]]\n",
      "------------------------------\n",
      "False\n",
      "31\n",
      "[[    0.  4115.  2528.   838. 10181.]\n",
      " [ 4115.     0.  3229.  4884.  7886.]\n",
      " [ 2528.  3229.     0.  2803.  7653.]\n",
      " [  838.  4884.  2803.     0. 10324.]\n",
      " [10181.  7886.  7653. 10324.     0.]]\n",
      "------------------------------\n",
      "False\n",
      "32\n",
      "[[0.]]\n",
      "------------------------------\n",
      "[[    0. 18713.  4106.]\n",
      " [18713.     0. 17031.]\n",
      " [ 4106. 17031.     0.]]\n",
      "------------------------------\n",
      "False\n",
      "33\n",
      "[[    0.  4115.  2528.   838. 10181.]\n",
      " [ 4115.     0.  3229.  4884.  7886.]\n",
      " [ 2528.  3229.     0.  2803.  7653.]\n",
      " [  838.  4884.  2803.     0. 10324.]\n",
      " [10181.  7886.  7653. 10324.     0.]]\n",
      "------------------------------\n",
      "False\n",
      "34\n",
      "[[    0. 14767.  8396. 11327.]\n",
      " [14767.     0.  6372. 12225.]\n",
      " [ 8396.  6372.     0. 14958.]\n",
      " [11327. 12225. 14958.     0.]]\n",
      "------------------------------\n",
      "False\n",
      "35\n",
      "[[    0.  7501.  2285.  7290. 12847. 11010.]\n",
      " [ 7501.     0.  5246.  8020. 15670.  5072.]\n",
      " [ 2285.  5246.     0.  6749. 14122.  8938.]\n",
      " [ 7290.  8020.  6749.     0.  8298.  6242.]\n",
      " [12847. 15670. 14122.  8298.     0. 10910.]\n",
      " [11010.  5072.  8938.  6242. 10910.     0.]]\n",
      "------------------------------\n",
      "False\n",
      "36\n",
      "[[    0. 18713.  4106.]\n",
      " [18713.     0. 17031.]\n",
      " [ 4106. 17031.     0.]]\n",
      "------------------------------\n",
      "False\n",
      "37\n",
      "[[    0.  1789. 16914.]\n",
      " [ 1789.     0. 16936.]\n",
      " [16914. 16936.     0.]]\n",
      "------------------------------\n",
      "False\n",
      "38\n",
      "[[    0.  7500. 12807.  5003.]\n",
      " [ 7500.     0. 16324.  7633.]\n",
      " [12807. 16324.     0. 10004.]\n",
      " [ 5003.  7633. 10004.     0.]]\n",
      "------------------------------\n",
      "False\n",
      "39\n",
      "[[   0. 8048.]\n",
      " [8048.    0.]]\n",
      "------------------------------\n",
      "False\n",
      "40\n",
      "[[    0. 10146. 11783.]\n",
      " [10146.     0. 13649.]\n",
      " [11783. 13649.     0.]]\n",
      "------------------------------\n",
      "False\n",
      "41\n",
      "[[0.]]\n",
      "------------------------------\n",
      "[[    0. 18713.  4106.]\n",
      " [18713.     0. 17031.]\n",
      " [ 4106. 17031.     0.]]\n",
      "------------------------------\n",
      "False\n",
      "42\n",
      "[[    0.  3930. 14190.]\n",
      " [ 3930.     0. 10311.]\n",
      " [14190. 10311.     0.]]\n",
      "------------------------------\n",
      "False\n",
      "43\n",
      "[[    0. 13221. 18109.  9010.]\n",
      " [13221.     0.  5492.  4381.]\n",
      " [18109.  5492.     0.  9375.]\n",
      " [ 9010.  4381.  9375.     0.]]\n",
      "------------------------------\n",
      "False\n",
      "44\n",
      "[[0.]]\n",
      "------------------------------\n",
      "[[    0. 18713.  4106.]\n",
      " [18713.     0. 17031.]\n",
      " [ 4106. 17031.     0.]]\n",
      "------------------------------\n",
      "False\n",
      "45\n",
      "[[    0.  4115.  2528.   838. 10181.]\n",
      " [ 4115.     0.  3229.  4884.  7886.]\n",
      " [ 2528.  3229.     0.  2803.  7653.]\n",
      " [  838.  4884.  2803.     0. 10324.]\n",
      " [10181.  7886.  7653. 10324.     0.]]\n",
      "------------------------------\n",
      "False\n",
      "46\n",
      "[[   0. 6237.]\n",
      " [6237.    0.]]\n",
      "------------------------------\n",
      "False\n",
      "47\n",
      "[[0.]]\n",
      "------------------------------\n",
      "[[   0. 4106.]\n",
      " [4106.    0.]]\n",
      "------------------------------\n",
      "False\n",
      "48\n",
      "[[   0. 5492. 4381.]\n",
      " [5492.    0. 9375.]\n",
      " [4381. 9375.    0.]]\n",
      "------------------------------\n",
      "False\n",
      "49\n",
      "[[   0. 7554.    0.]\n",
      " [7554.    0. 7554.]\n",
      " [   0. 7554.    0.]]\n",
      "------------------------------\n",
      "False\n",
      "50\n",
      "[[    0.   630. 16825.]\n",
      " [  630.     0. 16696.]\n",
      " [16825. 16696.     0.]]\n",
      "------------------------------\n",
      "False\n",
      "51\n",
      "[[0.]]\n",
      "------------------------------\n",
      "[[    0. 13531.]\n",
      " [13531.     0.]]\n",
      "------------------------------\n",
      "False\n",
      "52\n",
      "[[    0.  7500. 12807.  5003.]\n",
      " [ 7500.     0. 16324.  7633.]\n",
      " [12807. 16324.     0. 10004.]\n",
      " [ 5003.  7633. 10004.     0.]]\n",
      "------------------------------\n",
      "False\n",
      "53\n",
      "[[   0. 7554.    0.]\n",
      " [7554.    0. 7554.]\n",
      " [   0. 7554.    0.]]\n",
      "------------------------------\n",
      "False\n",
      "54\n",
      "[[    0. 19206. 15928.]\n",
      " [19206.     0.  4892.]\n",
      " [15928.  4892.     0.]]\n",
      "------------------------------\n",
      "False\n",
      "55\n",
      "[[0.]]\n",
      "------------------------------\n",
      "[[   0. 4106.]\n",
      " [4106.    0.]]\n",
      "------------------------------\n",
      "False\n",
      "56\n",
      "[[    0. 15345.   445.  7895.]\n",
      " [15345.     0. 15200. 14853.]\n",
      " [  445. 15200.     0.  7690.]\n",
      " [ 7895. 14853.  7690.     0.]]\n",
      "------------------------------\n",
      "False\n",
      "57\n",
      "[[    0.   630. 16825.]\n",
      " [  630.     0. 16696.]\n",
      " [16825. 16696.     0.]]\n",
      "------------------------------\n",
      "False\n",
      "58\n",
      "[[   0. 4244.]\n",
      " [4244.    0.]]\n",
      "------------------------------\n",
      "False\n",
      "59\n",
      "[[   0. 4363.]\n",
      " [4363.    0.]]\n",
      "------------------------------\n",
      "False\n",
      "60\n",
      "[[    0. 11783.]\n",
      " [11783.     0.]]\n",
      "------------------------------\n",
      "False\n",
      "61\n",
      "[[0.]]\n",
      "------------------------------\n",
      "[[   0. 4106.]\n",
      " [4106.    0.]]\n",
      "------------------------------\n",
      "False\n",
      "62\n",
      "[[0.]]\n",
      "------------------------------\n",
      "[[    0. 14767.  8396. 11327.]\n",
      " [14767.     0.  6372. 12225.]\n",
      " [ 8396.  6372.     0. 14958.]\n",
      " [11327. 12225. 14958.     0.]]\n",
      "------------------------------\n",
      "False\n",
      "63\n",
      "[[0.]]\n",
      "------------------------------\n",
      "[[    0.  7501.  7290. 11010.]\n",
      " [ 7501.     0.  8020.  5072.]\n",
      " [ 7290.  8020.     0.  6242.]\n",
      " [11010.  5072.  6242.     0.]]\n",
      "------------------------------\n",
      "False\n",
      "64\n",
      "[[    0.  3598. 13849. 15403. 17599.]\n",
      " [ 3598.     0. 13925. 12784. 15988.]\n",
      " [13849. 13925.     0.  4302.  3772.]\n",
      " [15403. 12784.  4302.     0.  3210.]\n",
      " [17599. 15988.  3772.  3210.     0.]]\n",
      "------------------------------\n",
      "False\n",
      "65\n",
      "[[0.]]\n",
      "------------------------------\n",
      "[[   0. 4106.]\n",
      " [4106.    0.]]\n",
      "------------------------------\n",
      "False\n",
      "66\n",
      "[[0.]]\n",
      "------------------------------\n",
      "[[   0. 4106.]\n",
      " [4106.    0.]]\n",
      "------------------------------\n",
      "False\n",
      "67\n",
      "[[   0. 4381.]\n",
      " [4381.    0.]]\n",
      "------------------------------\n",
      "False\n",
      "68\n",
      "[[0.]]\n",
      "------------------------------\n",
      "[[   0. 4106.]\n",
      " [4106.    0.]]\n",
      "------------------------------\n",
      "False\n",
      "69\n",
      "[[   0. 7554.    0.]\n",
      " [7554.    0. 7554.]\n",
      " [   0. 7554.    0.]]\n",
      "------------------------------\n",
      "False\n",
      "70\n",
      "[[0.]]\n",
      "------------------------------\n",
      "[[    0. 14767. 11327.]\n",
      " [14767.     0. 12225.]\n",
      " [11327. 12225.     0.]]\n",
      "------------------------------\n",
      "False\n",
      "71\n",
      "[[0.]]\n",
      "------------------------------\n",
      "[[   0. 4106.]\n",
      " [4106.    0.]]\n",
      "------------------------------\n",
      "False\n",
      "72\n",
      "[[0.]]\n",
      "------------------------------\n",
      "[[   0. 4106.]\n",
      " [4106.    0.]]\n",
      "------------------------------\n",
      "False\n",
      "73\n",
      "[[0.]]\n",
      "------------------------------\n",
      "[[   0. 4106.]\n",
      " [4106.    0.]]\n",
      "------------------------------\n",
      "False\n",
      "74\n",
      "[[0.]]\n",
      "------------------------------\n",
      "[[   0. 4106.]\n",
      " [4106.    0.]]\n",
